3;35;0 // first 4 tiles of 4 tile river?
3;36;0
3;37;0
3;34;1
3;35;1
3;36;1
3;35;2
3;36;2
3;37;2
3;36;3
3;37;3
3;38;3
3;35;4 // next 4 tiles of 4 tile river?
3;36;4
3;37;4
3;34;5
3;35;5
3;36;5
3;35;6
3;36;6
3;37;6
3;36;7
3;37;7
3;38;7
3;35;8 // next 4 tiles of 4 tile river?
3;36;8
3;37;8
3;34;9
3;35;9
3;36;9
3;35;10
3;36;10
3;37;10
3;36;11
3;37;11
3;38;11
3;35;12// next 4 tiles of 4 tile river?
3;36;12
3;37;12
3;34;13
3;35;13
3;36;13
3;35;14
3;36;14
3;37;14
3;36;15
3;37;15
3;38;15
3;35;16 // next 4 tiles of 4 tile river?
3;36;16
3;37;16
3;34;17
3;35;17
3;36;17
3;35;18
3;36;18
3;37;18
3;36;19
3;37;19
3;38;19
3;35;20 // next 4 tiles of 4 tile river?
3;36;20
3;37;20
3;34;21
3;35;21
3;36;21
3;35;22
3;36;22
3;37;22
3;36;23
3;37;23
3;38;23
3;35;24 // START OF STRAIGHT RIVER
3;36;24
3;37;24
3;35;25
3;36;25
3;37;25
3;35;26
3;36;26
3;37;26
3;35;27
3;36;27
3;37;27
3;35;28 // next 4 tiles of 4 tile river?
3;36;28
3;37;28
3;35;29
3;36;29
3;37;29
3;35;30
3;36;30
3;37;30
3;35;31
3;36;31
3;37;31
3;35;32 // next 4 of straight river.
3;36;32
3;37;32
3;35;33
3;36;33
3;37;33
3;35;34
3;36;34
3;37;34
3;35;35
3;36;35
3;37;35
3;35;36 // next 4 tiles of 4 tile river?
3;36;36
3;37;36
3;35;37
3;36;37
3;37;37
3;35;38
3;36;38
3;37;38
3;35;39
3;36;39
3;37;39 // THIS IS WHERE THERE IS A 2 TILE 'BRIDGE'
3;35;42 // 'right' side of the bridge.
3;36;42
3;37;42
3;35;43
3;36;43
3;37;43
3;35;44
3;36;44
3;37;44
3;35;45
3;36;45
3;37;45
3;35;46 // next 4 of straight river.
3;36;46
3;37;46
3;35;47
3;36;47
3;37;47
3;35;48
3;36;48
3;37;48
3;35;49
3;36;49
3;37;49
3;35;50 // 'right' side of the bridge.
3;36;50
3;37;50
3;35;51
3;36;51
3;37;51
3;35;52
3;36;52
3;37;52
3;35;53
3;36;53
3;37;53
3;35;54 // next 4 of straight river.
3;36;54
3;37;54
3;35;55
3;36;55
3;37;55
3;35;56
3;36;56
3;37;56
3;35;57
3;36;57
3;37;57 // why the spaces still work in the program, I have no idea

